semana_horario
[
    [
        [540, 600],
        [600, 660], 
        [660, 1260], 
        [1260, 1320], 
        [1320, 1380]], 
        [[540, 600], 
        [600, 660], 
        [660, 1260], 
        [1260, 1320], 
        [1320, 1380]
    ], 
    [
        [540, 600], 
        [600, 660], 
        [660, 1260], 
        [1260, 1320], 
        [1320, 1380]
    ], 
    [
        [540, 600],
        [600, 660],
        [660, 1260],
        [1260, 1320],
        [1320, 1380]
    ], 
    [
        [540, 600], 
        [600, 660], 
        [660, 780], 
        [780, 900], 
        [900, 1260], 
        [1260, 1320], 
        [1320, 1380]
    ], 
    [
        [540, 600], 
        [600, 660], 
        [660, 780], 
        [780, 1260], 
        [1260, 1320], 
        [1320, 1380]
    ]
]

horas_estudio
[
    [480, 540],
    [540, 600],
    [600, 660], 
    [660, 720],
    [720, 780], 
    [780, 840], 
    [840, 900], 
    [900, 960], 
    [960, 1020], 
    [1020, 1080], 
    [1080, 1140], 
    [1140, 1200], 
    [1200, 1260], 
    [1260, 1320], 
    [1320, 1380]
]